[gd_scene load_steps=2 format=3 uid="uid://dq7cs7ooc87j7"]

[ext_resource type="PackedScene" uid="uid://hbdivfvxv0tg" path="res://assets/models/Grass Patch.glb" id="1_kl2qe"]

[node name="Grass" type="Node3D"]

[node name="Grass Patch" parent="." instance=ExtResource("1_kl2qe")]
transform = Transform3D(1, 0, 0, 0, 1, 0, 0, 0, 1, -48.3114, 1, 48.4459)

[node name="Grass Patch2" parent="." instance=ExtResource("1_kl2qe")]
transform = Transform3D(1, 0, 0, 0, 1, 0, 0, 0, 1, 49.3243, 1, 48.4459)

[node name="Grass Patch3" parent="." instance=ExtResource("1_kl2qe")]
transform = Transform3D(1, 0, 0, 0, 1, 0, 0, 0, 1, -48.3114, 1, -48.5019)

[node name="Grass Patch4" parent="." instance=ExtResource("1_kl2qe")]
transform = Transform3D(1, 0, 0, 0, 1, 0, 0, 0, 1, 49.3243, 1, -48.5019)

[node name="Grass Patch5" parent="." instance=ExtResource("1_kl2qe")]
transform = Transform3D(1, 0, 0, 0, 1, 0, 0, 0, 1, -48.3114, 1, 46.0181)

[node name="Grass Patch6" parent="." instance=ExtResource("1_kl2qe")]
transform = Transform3D(1, 0, 0, 0, 1, 0, 0, 0, 1, 49.3243, 1, 46.0181)

[node name="Grass Patch7" parent="." instance=ExtResource("1_kl2qe")]
transform = Transform3D(1, 0, 0, 0, 1, 0, 0, 0, 1, -48.3114, 1, 43.325)

[node name="Grass Patch8" parent="." instance=ExtResource("1_kl2qe")]
transform = Transform3D(1, 0, 0, 0, 1, 0, 0, 0, 1, 49.3243, 1, 43.325)

[node name="Grass Patch9" parent="." instance=ExtResource("1_kl2qe")]
transform = Transform3D(1, 0, 0, 0, 1, 0, 0, 0, 1, -48.3114, 1, 40.4455)

[node name="Grass Patch10" parent="." instance=ExtResource("1_kl2qe")]
transform = Transform3D(0.606807, 0, 0.794849, 0, 1, 0, -0.794849, 0, 0.606807, 43.5422, 1, -29.2418)

[node name="Grass Patch11" parent="." instance=ExtResource("1_kl2qe")]
transform = Transform3D(0.606807, 0, 0.794849, 0, 1, 0, -0.794849, 0, 0.606807, -17.8444, 1, 46.7297)

[node name="Grass Patch12" parent="." instance=ExtResource("1_kl2qe")]
transform = Transform3D(0.606807, 0, 0.794849, 0, 1, 0, -0.794849, 0, 0.606807, 41.4017, 1, -30.876)

[node name="Grass Patch13" parent="." instance=ExtResource("1_kl2qe")]
transform = Transform3D(0.606807, 0, 0.794849, 0, 1, 0, -0.794849, 0, 0.606807, 41.0352, 1, -31.1558)

[node name="Grass Patch14" parent="." instance=ExtResource("1_kl2qe")]
transform = Transform3D(0.606807, 0, 0.794849, 0, 1, 0, -0.794849, 0, 0.606807, -20.3514, 1, 44.8157)

[node name="Grass Patch15" parent="." instance=ExtResource("1_kl2qe")]
transform = Transform3D(0.606807, 0, 0.794849, 0, 1, 0, -0.794849, 0, 0.606807, -22.968, 1, -6.24754)

[node name="Grass Patch16" parent="." instance=ExtResource("1_kl2qe")]
transform = Transform3D(0.606807, 0, 0.794849, 0, 1, 0, -0.794849, 0, 0.606807, -22.6402, 1, 43.0684)

[node name="Grass Patch17" parent="." instance=ExtResource("1_kl2qe")]
transform = Transform3D(0.606807, 0, 0.794849, 0, 1, 0, -0.794849, 0, 0.606807, -25.2569, 1, -7.99487)

[node name="Grass Patch18" parent="." instance=ExtResource("1_kl2qe")]
transform = Transform3D(0.606807, 0, 0.794849, 0, 1, 0, -0.794849, 0, 0.606807, -24.7808, 1, 41.4342)

[node name="Grass Patch19" parent="." instance=ExtResource("1_kl2qe")]
transform = Transform3D(-0.0231235, 0, 0.999733, 0, 1, 0, -0.999733, 0, -0.0231235, 17.5102, 1, -24.3726)

[node name="Grass Patch20" parent="." instance=ExtResource("1_kl2qe")]
transform = Transform3D(-0.0231235, 0, 0.999733, 0, 1, 0, -0.999733, 0, -0.0231235, 17.0922, 1, -24.3629)

[node name="Grass Patch21" parent="." instance=ExtResource("1_kl2qe")]
transform = Transform3D(0.606807, 0, 0.794849, 0, 1, 0, -0.794849, 0, 0.606807, -27.2537, 1, 39.5463)

[node name="Grass Patch22" parent="." instance=ExtResource("1_kl2qe")]
transform = Transform3D(-0.0231235, 0, 0.999733, 0, 1, 0, -0.999733, 0, -0.0231235, 14.3999, 1, -24.3006)

[node name="Grass Patch23" parent="." instance=ExtResource("1_kl2qe")]
transform = Transform3D(0.606807, 0, 0.794849, 0, 1, 0, -0.794849, 0, 0.606807, -29.5426, 1, 21.8611)

[node name="Grass Patch24" parent="." instance=ExtResource("1_kl2qe")]
transform = Transform3D(-0.0231235, 0, 0.999733, 0, 1, 0, -0.999733, 0, -0.0231235, 11.5211, 1, -40.005)

[node name="Grass Patch25" parent="." instance=ExtResource("1_kl2qe")]
transform = Transform3D(0.606807, 0, 0.794849, 0, 1, 0, -0.794849, 0, 0.606807, -31.6831, 1, 20.2269)

[node name="Grass Patch26" parent="." instance=ExtResource("1_kl2qe")]
transform = Transform3D(-0.0231235, 0, 0.999733, 0, 1, 0, -0.999733, 0, -0.0231235, 8.82877, 1, -39.9427)

[node name="Grass Patch27" parent="." instance=ExtResource("1_kl2qe")]
transform = Transform3D(-0.0231235, 0, 0.999733, 0, 1, 0, -0.999733, 0, -0.0231235, 8.36785, 1, -39.932)

[node name="Grass Patch28" parent="." instance=ExtResource("1_kl2qe")]
transform = Transform3D(0.606807, 0, 0.794849, 0, 1, 0, -0.794849, 0, 0.606807, -34.1902, 1, 18.313)

[node name="Grass Patch29" parent="." instance=ExtResource("1_kl2qe")]
transform = Transform3D(-0.0231235, 0, 0.999733, 0, 1, 0, -0.999733, 0, -0.0231235, 5.6755, 1, -39.8697)

[node name="Grass Patch30" parent="." instance=ExtResource("1_kl2qe")]
transform = Transform3D(1, 0, 0, 0, 1, 0, 0, 0, 1, -48.3114, 1, 14.3082)

[node name="Grass Patch31" parent="." instance=ExtResource("1_kl2qe")]
transform = Transform3D(1, 0, 0, 0, 1, 0, 0, 0, 1, 49.3243, 1, 14.3082)

[node name="Grass Patch32" parent="." instance=ExtResource("1_kl2qe")]
transform = Transform3D(0.791874, 0, -0.610684, 0, 1, 0, 0.610684, 0, 0.791874, -42.4425, 1, -11.3737)

[node name="Grass Patch33" parent="." instance=ExtResource("1_kl2qe")]
transform = Transform3D(1, 0, 0, 0, 1, 0, 0, 0, 1, 49.3243, 1, 11.6152)

[node name="Grass Patch34" parent="." instance=ExtResource("1_kl2qe")]
transform = Transform3D(0.791874, 0, -0.610684, 0, 1, 0, 0.610684, 0, 0.791874, -40.7521, 1, -13.5655)

[node name="Grass Patch35" parent="." instance=ExtResource("1_kl2qe")]
transform = Transform3D(1, 0, 0, 0, 1, 0, 0, 0, 1, 49.3243, 1, 8.84723)

[node name="Grass Patch36" parent="." instance=ExtResource("1_kl2qe")]
transform = Transform3D(0.791874, 0, -0.610684, 0, 1, 0, 0.610684, 0, 0.791874, -39.1075, 1, -15.6981)

[node name="Grass Patch37" parent="." instance=ExtResource("1_kl2qe")]
transform = Transform3D(1, 0, 0, 0, 1, 0, 0, 0, 1, 49.3243, 1, 6.15417)

[node name="Grass Patch38" parent="." instance=ExtResource("1_kl2qe")]
transform = Transform3D(-0.669546, 0, -0.742771, 0, 1, 0, 0.742771, 0, -0.669546, -26.8039, 1, -8.57726)

[node name="Grass Patch39" parent="." instance=ExtResource("1_kl2qe")]
transform = Transform3D(1, 0, 0, 0, 1, 0, 0, 0, 1, 49.3243, 1, 3.27462)

[node name="Grass Patch40" parent="." instance=ExtResource("1_kl2qe")]
transform = Transform3D(-0.669546, 0, -0.742771, 0, 1, 0, 0.742771, 0, -0.669546, -4.2105, 1, -28.7775)

[node name="Grass Patch41" parent="." instance=ExtResource("1_kl2qe")]
transform = Transform3D(1, 0, 0, 0, 1, 0, 0, 0, 1, 49.3243, 1, 0.581562)

[node name="Grass Patch42" parent="." instance=ExtResource("1_kl2qe")]
transform = Transform3D(1, 0, 0, 0, 1, 0, 0, 0, 1, 49.3243, 1, 0.120514)

[node name="Grass Patch43" parent="." instance=ExtResource("1_kl2qe")]
transform = Transform3D(-0.669546, 0, -0.742771, 0, 1, 0, 0.742771, 0, -0.669546, -0.146929, 1, -28.5747)

[node name="Grass Patch44" parent="." instance=ExtResource("1_kl2qe")]
transform = Transform3D(1, 0, 0, 0, 1, 0, 0, 0, 1, 49.3243, 1, -2.57255)

[node name="Grass Patch45" parent="." instance=ExtResource("1_kl2qe")]
transform = Transform3D(1, 0, 0, 0, 1, 0, 0, 0, 1, -48.3114, 1, -5.4521)

[node name="Grass Patch46" parent="." instance=ExtResource("1_kl2qe")]
transform = Transform3D(1, 0, 0, 0, 1, 0, 0, 0, 1, 49.3243, 1, -5.4521)

[node name="Grass Patch47" parent="." instance=ExtResource("1_kl2qe")]
transform = Transform3D(1, 0, 0, 0, 1, 0, 0, 0, 1, -48.3114, 1, -8.14516)

[node name="Grass Patch48" parent="." instance=ExtResource("1_kl2qe")]
transform = Transform3D(1, 0, 0, 0, 1, 0, 0, 0, 1, 49.3243, 1, -8.14516)

[node name="Grass Patch49" parent="." instance=ExtResource("1_kl2qe")]
transform = Transform3D(1, 0, 0, 0, 1, 0, 0, 0, 1, 49.3243, 1, -8.56328)

[node name="Grass Patch50" parent="." instance=ExtResource("1_kl2qe")]
transform = Transform3D(1, 0, 0, 0, 1, 0, 0, 0, 1, -48.3114, 1, -11.2563)

[node name="Grass Patch51" parent="." instance=ExtResource("1_kl2qe")]
transform = Transform3D(1, 0, 0, 0, 1, 0, 0, 0, 1, 49.3243, 1, -11.2563)

[node name="Grass Patch52" parent="." instance=ExtResource("1_kl2qe")]
transform = Transform3D(1, 0, 0, 0, 1, 0, 0, 0, 1, -48.3114, 1, -14.1359)

[node name="Grass Patch53" parent="." instance=ExtResource("1_kl2qe")]
transform = Transform3D(1, 0, 0, 0, 1, 0, 0, 0, 1, 49.3243, 1, -14.1359)

[node name="Grass Patch54" parent="." instance=ExtResource("1_kl2qe")]
transform = Transform3D(1, 0, 0, 0, 1, 0, 0, 0, 1, -48.3114, 1, -16.829)

[node name="Grass Patch55" parent="." instance=ExtResource("1_kl2qe")]
transform = Transform3D(1, 0, 0, 0, 1, 0, 0, 0, 1, 49.3243, 1, -16.829)

[node name="Grass Patch56" parent="." instance=ExtResource("1_kl2qe")]
transform = Transform3D(1, 0, 0, 0, 1, 0, 0, 0, 1, 49.3243, 1, -17.29)

[node name="Grass Patch57" parent="." instance=ExtResource("1_kl2qe")]
transform = Transform3D(1, 0, 0, 0, 1, 0, 0, 0, 1, -48.3114, 1, -19.9831)

[node name="Grass Patch58" parent="." instance=ExtResource("1_kl2qe")]
transform = Transform3D(1, 0, 0, 0, 1, 0, 0, 0, 1, 49.3243, 1, -19.9831)

[node name="Grass Patch59" parent="." instance=ExtResource("1_kl2qe")]
transform = Transform3D(1, 0, 0, 0, 1, 0, 0, 0, 1, -48.3114, 1, -22.8626)

[node name="Grass Patch60" parent="." instance=ExtResource("1_kl2qe")]
transform = Transform3D(1, 0, 0, 0, 1, 0, 0, 0, 1, 49.3243, 1, -22.8626)

[node name="Grass Patch61" parent="." instance=ExtResource("1_kl2qe")]
transform = Transform3D(1, 0, 0, 0, 1, 0, 0, 0, 1, -48.3114, 1, -25.5557)

[node name="Grass Patch62" parent="." instance=ExtResource("1_kl2qe")]
transform = Transform3D(1, 0, 0, 0, 1, 0, 0, 0, 1, 49.3243, 1, -25.5557)

[node name="Grass Patch63" parent="." instance=ExtResource("1_kl2qe")]
transform = Transform3D(1, 0, 0, 0, 1, 0, 0, 0, 1, 49.3243, 1, -25.5084)

[node name="Grass Patch64" parent="." instance=ExtResource("1_kl2qe")]
transform = Transform3D(1, 0, 0, 0, 1, 0, 0, 0, 1, -48.3114, 1, -28.2015)

[node name="Grass Patch65" parent="." instance=ExtResource("1_kl2qe")]
transform = Transform3D(1, 0, 0, 0, 1, 0, 0, 0, 1, 49.3243, 1, -28.2015)

[node name="Grass Patch66" parent="." instance=ExtResource("1_kl2qe")]
transform = Transform3D(1, 0, 0, 0, 1, 0, 0, 0, 1, -48.3114, 1, -31.081)

[node name="Grass Patch67" parent="." instance=ExtResource("1_kl2qe")]
transform = Transform3D(1, 0, 0, 0, 1, 0, 0, 0, 1, 49.3243, 1, -31.081)

[node name="Grass Patch68" parent="." instance=ExtResource("1_kl2qe")]
transform = Transform3D(1, 0, 0, 0, 1, 0, 0, 0, 1, -48.3114, 1, -33.7741)

[node name="Grass Patch69" parent="." instance=ExtResource("1_kl2qe")]
transform = Transform3D(1, 0, 0, 0, 1, 0, 0, 0, 1, 49.3243, 1, -33.7741)

[node name="Grass Patch70" parent="." instance=ExtResource("1_kl2qe")]
transform = Transform3D(1, 0, 0, 0, 1, 0, 0, 0, 1, 49.3243, 1, -34.2352)

[node name="Grass Patch71" parent="." instance=ExtResource("1_kl2qe")]
transform = Transform3D(1, 0, 0, 0, 1, 0, 0, 0, 1, -48.3114, 1, -36.9282)

[node name="Grass Patch72" parent="." instance=ExtResource("1_kl2qe")]
transform = Transform3D(1, 0, 0, 0, 1, 0, 0, 0, 1, 49.3243, 1, -36.9282)

[node name="Grass Patch73" parent="." instance=ExtResource("1_kl2qe")]
transform = Transform3D(1, 0, 0, 0, 1, 0, 0, 0, 1, -48.3114, 1, -39.8078)

[node name="Grass Patch74" parent="." instance=ExtResource("1_kl2qe")]
transform = Transform3D(1, 0, 0, 0, 1, 0, 0, 0, 1, 49.3243, 1, -39.8078)

[node name="Grass Patch75" parent="." instance=ExtResource("1_kl2qe")]
transform = Transform3D(1, 0, 0, 0, 1, 0, 0, 0, 1, -48.3114, 1, -42.5008)

[node name="Grass Patch76" parent="." instance=ExtResource("1_kl2qe")]
transform = Transform3D(1, 0, 0, 0, 1, 0, 0, 0, 1, 49.3243, 1, -42.5008)

[node name="Grass Patch77" parent="." instance=ExtResource("1_kl2qe")]
transform = Transform3D(1, 0, 0, 0, 1, 0, 0, 0, 1, -48.3114, 1, -45.401)

[node name="Grass Patch78" parent="." instance=ExtResource("1_kl2qe")]
transform = Transform3D(1, 0, 0, 0, 1, 0, 0, 0, 1, 49.3243, 1, -45.401)

[node name="Grass Patch79" parent="." instance=ExtResource("1_kl2qe")]
transform = Transform3D(1, 0, 0, 0, 1, 0, 0, 0, 1, -45.6383, 1, 48.4459)

[node name="Grass Patch80" parent="." instance=ExtResource("1_kl2qe")]
transform = Transform3D(1, 0, 0, 0, 1, 0, 0, 0, 1, -45.6383, 1, -48.5019)

[node name="Grass Patch81" parent="." instance=ExtResource("1_kl2qe")]
transform = Transform3D(0.773962, 0, 0.633232, 0, 1, 0, -0.633232, 0, 0.773962, 33.1607, 1, 16.0904)

[node name="Grass Patch82" parent="." instance=ExtResource("1_kl2qe")]
transform = Transform3D(0.773962, 0, 0.633232, 0, 1, 0, -0.633232, 0, 0.773962, 31.4554, 1, 14.0061)

[node name="Grass Patch83" parent="." instance=ExtResource("1_kl2qe")]
transform = Transform3D(0.773962, 0, 0.633232, 0, 1, 0, -0.633232, 0, 0.773962, 20.8773, 1, 24.809)

[node name="Grass Patch84" parent="." instance=ExtResource("1_kl2qe")]
transform = Transform3D(0.773962, 0, 0.633232, 0, 1, 0, -0.633232, 0, 0.773962, 19.1719, 1, 22.7247)

[node name="Grass Patch85" parent="." instance=ExtResource("1_kl2qe")]
transform = Transform3D(0.773962, 0, 0.633232, 0, 1, 0, -0.633232, 0, 0.773962, 17.1746, 1, 20.2835)

[node name="Grass Patch86" parent="." instance=ExtResource("1_kl2qe")]
transform = Transform3D(1, 0, 0, 0, 1, 0, 0, 0, 1, -45.6383, 1, 31.7187)

[node name="Grass Patch87" parent="." instance=ExtResource("1_kl2qe")]
transform = Transform3D(1, 0, 0, 0, 1, 0, 0, 0, 1, -45.6383, 1, 29.0257)

[node name="Grass Patch88" parent="." instance=ExtResource("1_kl2qe")]
transform = Transform3D(1, 0, 0, 0, 1, 0, 0, 0, 1, -45.6383, 1, 25.9145)

[node name="Grass Patch89" parent="." instance=ExtResource("1_kl2qe")]
transform = Transform3D(1, 0, 0, 0, 1, 0, 0, 0, 1, -45.6383, 1, 23.035)

[node name="Grass Patch90" parent="." instance=ExtResource("1_kl2qe")]
transform = Transform3D(1, 0, 0, 0, 1, 0, 0, 0, 1, -45.6383, 1, 20.3419)

[node name="Grass Patch91" parent="." instance=ExtResource("1_kl2qe")]
transform = Transform3D(1, 0, 0, 0, 1, 0, 0, 0, 1, -45.6383, 1, 17.1878)

[node name="Grass Patch92" parent="." instance=ExtResource("1_kl2qe")]
transform = Transform3D(1, 0, 0, 0, 1, 0, 0, 0, 1, -45.6383, 1, 14.3082)

[node name="Grass Patch93" parent="." instance=ExtResource("1_kl2qe")]
transform = Transform3D(0.791874, 0, -0.610684, 0, 1, 0, 0.610684, 0, 0.791874, -40.3257, 1, -9.74124)

[node name="Grass Patch94" parent="." instance=ExtResource("1_kl2qe")]
transform = Transform3D(0.791874, 0, -0.610684, 0, 1, 0, 0.610684, 0, 0.791874, -38.6354, 1, -11.9331)

[node name="Grass Patch95" parent="." instance=ExtResource("1_kl2qe")]
transform = Transform3D(0.791874, 0, -0.610684, 0, 1, 0, 0.610684, 0, 0.791874, -36.9908, 1, -14.0657)

[node name="Grass Patch96" parent="." instance=ExtResource("1_kl2qe")]
transform = Transform3D(-0.669546, 0, -0.742771, 0, 1, 0, 0.742771, 0, -0.669546, -28.5937, 1, -6.59176)

[node name="Grass Patch97" parent="." instance=ExtResource("1_kl2qe")]
transform = Transform3D(-0.669546, 0, -0.742771, 0, 1, 0, 0.742771, 0, -0.669546, -6.00026, 1, -26.792)

[node name="Grass Patch98" parent="." instance=ExtResource("1_kl2qe")]
transform = Transform3D(-0.669546, 0, -0.742771, 0, 1, 0, 0.742771, 0, -0.669546, -1.93669, 1, -26.5892)

[node name="Grass Patch99" parent="." instance=ExtResource("1_kl2qe")]
transform = Transform3D(-0.669546, 0, -0.742771, 0, 1, 0, 0.742771, 0, -0.669546, 0.202152, 1, -24.6612)

[node name="Grass Patch100" parent="." instance=ExtResource("1_kl2qe")]
transform = Transform3D(-0.669546, 0, -0.742771, 0, 1, 0, 0.742771, 0, -0.669546, 2.20248, 1, 0.623137)

[node name="Grass Patch100" parent="Grass Patch100" instance=ExtResource("1_kl2qe")]
transform = Transform3D(0.994384, 0, -0.10583, 0, 1, 0, 0.10583, 0, 0.994384, -20.3669, -0.0353279, -17.3332)

[node name="Grass Patch101" parent="Grass Patch100" instance=ExtResource("1_kl2qe")]
transform = Transform3D(0.994384, 0, -0.10583, 0, 1, 0, 0.10583, 0, 0.994384, -20.0377, -0.0353279, -20.4269)

[node name="Grass Patch401" parent="Grass Patch100" instance=ExtResource("1_kl2qe")]
transform = Transform3D(0.992741, 0, -0.120275, 0, 1, 0, 0.120275, 0, 0.992741, -7.06489, -0.0190842, -10.3292)

[node name="Grass Patch402" parent="Grass Patch100" instance=ExtResource("1_kl2qe")]
transform = Transform3D(0.992741, 0, -0.120275, 0, 1, 0, 0.120275, 0, 0.992741, -6.78445, -0.0018115, -12.7522)

[node name="Grass Patch368" parent="Grass Patch100" instance=ExtResource("1_kl2qe")]
transform = Transform3D(-0.0440205, 0, 0.999031, 0, 1, 0, -0.999031, 0, -0.0440205, -35.4838, 0.0336952, -13.7369)

[node name="Grass Patch369" parent="Grass Patch100" instance=ExtResource("1_kl2qe")]
transform = Transform3D(-0.0440205, 0, 0.999031, 0, 1, 0, -0.999031, 0, -0.0440205, -37.9093, 0.0336952, -13.6301)

[node name="Grass Patch403" parent="Grass Patch100" instance=ExtResource("1_kl2qe")]
transform = Transform3D(-0.0440205, 0, 0.999031, 0, 1, 0, -0.999031, 0, -0.0440205, -35.6252, -0.035326, -16.9462)

[node name="Grass Patch101" parent="." instance=ExtResource("1_kl2qe")]
transform = Transform3D(-0.669546, 0, -0.742771, 0, 1, 0, 0.742771, 0, -0.669546, 4.51338, 1, 2.70622)

[node name="Grass Patch102" parent="." instance=ExtResource("1_kl2qe")]
transform = Transform3D(0.791874, 0, -0.610684, 0, 1, 0, 0.610684, 0, 0.791874, -26.6351, 1, -31.7023)

[node name="Grass Patch103" parent="." instance=ExtResource("1_kl2qe")]
transform = Transform3D(0.22068, 0, -0.975346, 0, 1, 0, 0.975346, 0, 0.22068, -16.773, 1, -35.5842)

[node name="Grass Patch104" parent="." instance=ExtResource("1_kl2qe")]
transform = Transform3D(0.22068, 0, -0.975346, 0, 1, 0, 0.975346, 0, 0.22068, -13.6966, 1, -36.2803)

[node name="Grass Patch105" parent="." instance=ExtResource("1_kl2qe")]
transform = Transform3D(0.22068, 0, -0.975346, 0, 1, 0, 0.975346, 0, 0.22068, -10.8881, 1, -36.9158)

[node name="Grass Patch106" parent="." instance=ExtResource("1_kl2qe")]
transform = Transform3D(0.791874, 0, -0.610684, 0, 1, 0, 0.610684, 0, 0.791874, -19.6612, 1, -40.7454)

[node name="Grass Patch107" parent="." instance=ExtResource("1_kl2qe")]
transform = Transform3D(1, 0, 0, 0, 1, 0, 0, 0, 1, -45.6383, 1, -28.2015)

[node name="Grass Patch108" parent="." instance=ExtResource("1_kl2qe")]
transform = Transform3D(1, 0, 0, 0, 1, 0, 0, 0, 1, -45.6383, 1, -31.081)

[node name="Grass Patch109" parent="." instance=ExtResource("1_kl2qe")]
transform = Transform3D(1, 0, 0, 0, 1, 0, 0, 0, 1, -45.6383, 1, -33.7741)

[node name="Grass Patch110" parent="." instance=ExtResource("1_kl2qe")]
transform = Transform3D(1, 0, 0, 0, 1, 0, 0, 0, 1, -45.6383, 1, -36.9282)

[node name="Grass Patch111" parent="." instance=ExtResource("1_kl2qe")]
transform = Transform3D(1, 0, 0, 0, 1, 0, 0, 0, 1, -45.6383, 1, -39.8078)

[node name="Grass Patch112" parent="." instance=ExtResource("1_kl2qe")]
transform = Transform3D(1, 0, 0, 0, 1, 0, 0, 0, 1, -45.6383, 1, -42.5008)

[node name="Grass Patch113" parent="." instance=ExtResource("1_kl2qe")]
transform = Transform3D(1, 0, 0, 0, 1, 0, 0, 0, 1, -45.6383, 1, -45.401)

[node name="Grass Patch114" parent="." instance=ExtResource("1_kl2qe")]
transform = Transform3D(0.9026, 0, -0.43048, 0, 1, 0, 0.43048, 0, 0.9026, 36.9628, 1, 36.2958)

[node name="Grass Patch115" parent="." instance=ExtResource("1_kl2qe")]
transform = Transform3D(1, 0, 0, 0, 1, 0, 0, 0, 1, -42.426, 1, -48.5019)

[node name="Grass Patch116" parent="." instance=ExtResource("1_kl2qe")]
transform = Transform3D(0.9026, 0, -0.43048, 0, 1, 0, 0.43048, 0, 0.9026, 38.0079, 1, 34.1044)

[node name="Grass Patch148" parent="." instance=ExtResource("1_kl2qe")]
transform = Transform3D(1, 0, 0, 0, 1, 0, 0, 0, 1, -42.426, 1, -45.401)

[node name="Grass Patch149" parent="." instance=ExtResource("1_kl2qe")]
transform = Transform3D(1, 0, 0, 0, 1, 0, 0, 0, 1, -1.3373, 1, 44.5472)

[node name="Grass Patch150" parent="." instance=ExtResource("1_kl2qe")]
transform = Transform3D(1, 0, 0, 0, 1, 0, 0, 0, 1, -39.3346, 1, -48.5019)

[node name="Grass Patch151" parent="." instance=ExtResource("1_kl2qe")]
transform = Transform3D(0.9026, 0, -0.43048, 0, 1, 0, 0.43048, 0, 0.9026, 40.7982, 1, 35.4352)

[node name="Grass Patch183" parent="." instance=ExtResource("1_kl2qe")]
transform = Transform3D(1, 0, 0, 0, 1, 0, 0, 0, 1, -39.3346, 1, -45.401)

[node name="Grass Patch184" parent="." instance=ExtResource("1_kl2qe")]
transform = Transform3D(1, 0, 0, 0, 1, 0, 0, 0, 1, 1.87505, 1, 44.5472)

[node name="Grass Patch185" parent="." instance=ExtResource("1_kl2qe")]
transform = Transform3D(1, 0, 0, 0, 1, 0, 0, 0, 1, -36.1223, 1, -48.5019)

[node name="Grass Patch186" parent="." instance=ExtResource("1_kl2qe")]
transform = Transform3D(1, 0, 0, 0, 1, 0, 0, 0, 1, 1.87505, 1, 42.1194)

[node name="Grass Patch218" parent="." instance=ExtResource("1_kl2qe")]
transform = Transform3D(1, 0, 0, 0, 1, 0, 0, 0, 1, -36.1223, 1, -45.401)

[node name="Grass Patch219" parent="." instance=ExtResource("1_kl2qe")]
transform = Transform3D(1, 0, 0, 0, 1, 0, 0, 0, 1, 4.98882, 1, 44.5472)

[node name="Grass Patch220" parent="." instance=ExtResource("1_kl2qe")]
transform = Transform3D(1, 0, 0, 0, 1, 0, 0, 0, 1, -33.0085, 1, -48.5019)

[node name="Grass Patch221" parent="." instance=ExtResource("1_kl2qe")]
transform = Transform3D(1, 0, 0, 0, 1, 0, 0, 0, 1, 4.98882, 1, 42.1194)

[node name="Grass Patch253" parent="." instance=ExtResource("1_kl2qe")]
transform = Transform3D(1, 0, 0, 0, 1, 0, 0, 0, 1, -33.0085, 1, -45.401)

[node name="Grass Patch254" parent="." instance=ExtResource("1_kl2qe")]
transform = Transform3D(1, 0, 0, 0, 1, 0, 0, 0, 1, -29.7961, 1, 48.4459)

[node name="Grass Patch255" parent="." instance=ExtResource("1_kl2qe")]
transform = Transform3D(1, 0, 0, 0, 1, 0, 0, 0, 1, -29.7961, 1, -48.5019)

[node name="Grass Patch256" parent="." instance=ExtResource("1_kl2qe")]
transform = Transform3D(1, 0, 0, 0, 1, 0, 0, 0, 1, -29.7961, 1, 30.0801)

[node name="Grass Patch288" parent="." instance=ExtResource("1_kl2qe")]
transform = Transform3D(1, 0, 0, 0, 1, 0, 0, 0, 1, -29.7961, 1, -45.401)

[node name="Grass Patch289" parent="." instance=ExtResource("1_kl2qe")]
transform = Transform3D(1, 0, 0, 0, 1, 0, 0, 0, 1, -26.4281, 1, 48.4459)

[node name="Grass Patch290" parent="." instance=ExtResource("1_kl2qe")]
transform = Transform3D(1, 0, 0, 0, 1, 0, 0, 0, 1, -26.4281, 1, -48.5019)

[node name="Grass Patch291" parent="." instance=ExtResource("1_kl2qe")]
transform = Transform3D(1, 0, 0, 0, 1, 0, 0, 0, 1, -26.4281, 1, 46.0181)

[node name="Grass Patch323" parent="." instance=ExtResource("1_kl2qe")]
transform = Transform3D(1, 0, 0, 0, 1, 0, 0, 0, 1, -26.4281, 1, -45.401)

[node name="Grass Patch324" parent="." instance=ExtResource("1_kl2qe")]
transform = Transform3D(1, 0, 0, 0, 1, 0, 0, 0, 1, -23.2158, 1, 48.4459)

[node name="Grass Patch325" parent="." instance=ExtResource("1_kl2qe")]
transform = Transform3D(1, 0, 0, 0, 1, 0, 0, 0, 1, -23.2158, 1, -48.5019)

[node name="Grass Patch326" parent="." instance=ExtResource("1_kl2qe")]
transform = Transform3D(1, 0, 0, 0, 1, 0, 0, 0, 1, -23.2158, 1, 46.0181)

[node name="Grass Patch358" parent="." instance=ExtResource("1_kl2qe")]
transform = Transform3D(1, 0, 0, 0, 1, 0, 0, 0, 1, -23.2158, 1, -45.401)

[node name="Grass Patch359" parent="." instance=ExtResource("1_kl2qe")]
transform = Transform3D(1, 0, 0, 0, 1, 0, 0, 0, 1, -20.102, 1, 48.4459)

[node name="Grass Patch360" parent="." instance=ExtResource("1_kl2qe")]
transform = Transform3D(1, 0, 0, 0, 1, 0, 0, 0, 1, -20.102, 1, -48.5019)

[node name="Grass Patch361" parent="." instance=ExtResource("1_kl2qe")]
transform = Transform3D(1, 0, 0, 0, 1, 0, 0, 0, 1, -20.102, 1, 46.0181)

[node name="Grass Patch393" parent="." instance=ExtResource("1_kl2qe")]
transform = Transform3D(1, 0, 0, 0, 1, 0, 0, 0, 1, -20.102, 1, -45.401)

[node name="Grass Patch394" parent="." instance=ExtResource("1_kl2qe")]
transform = Transform3D(1, 0, 0, 0, 1, 0, 0, 0, 1, -16.8897, 1, 48.4459)

[node name="Grass Patch395" parent="." instance=ExtResource("1_kl2qe")]
transform = Transform3D(1, 0, 0, 0, 1, 0, 0, 0, 1, -16.8897, 1, -48.5019)

[node name="Grass Patch396" parent="." instance=ExtResource("1_kl2qe")]
transform = Transform3D(1, 0, 0, 0, 1, 0, 0, 0, 1, -16.8897, 1, 46.0181)

[node name="Grass Patch428" parent="." instance=ExtResource("1_kl2qe")]
transform = Transform3D(1, 0, 0, 0, 1, 0, 0, 0, 1, -16.8897, 1, -45.401)

[node name="Grass Patch429" parent="." instance=ExtResource("1_kl2qe")]
transform = Transform3D(1, 0, 0, 0, 1, 0, 0, 0, 1, 24.0851, 1, 48.4459)

[node name="Grass Patch430" parent="." instance=ExtResource("1_kl2qe")]
transform = Transform3D(1, 0, 0, 0, 1, 0, 0, 0, 1, 24.0851, 1, -48.5019)

[node name="Grass Patch431" parent="." instance=ExtResource("1_kl2qe")]
transform = Transform3D(1, 0, 0, 0, 1, 0, 0, 0, 1, 24.0851, 1, 46.0181)

[node name="Grass Patch463" parent="." instance=ExtResource("1_kl2qe")]
transform = Transform3D(1, 0, 0, 0, 1, 0, 0, 0, 1, 24.0851, 1, -45.401)

[node name="Grass Patch464" parent="." instance=ExtResource("1_kl2qe")]
transform = Transform3D(1, 0, 0, 0, 1, 0, 0, 0, 1, 27.2975, 1, 48.4459)

[node name="Grass Patch465" parent="." instance=ExtResource("1_kl2qe")]
transform = Transform3D(0.451392, 0, 0.892326, 0, 1, 0, -0.892326, 0, 0.451392, -41.2585, 1, 19.421)

[node name="Grass Patch466" parent="." instance=ExtResource("1_kl2qe")]
transform = Transform3D(1, 0, 0, 0, 1, 0, 0, 0, 1, 27.2975, 1, 46.0181)

[node name="Grass Patch498" parent="." instance=ExtResource("1_kl2qe")]
transform = Transform3D(0.780605, 0, 0.625025, 0, 1, 0, -0.625025, 0, 0.780605, 6.14634, 1, -42.8681)

[node name="Grass Patch499" parent="." instance=ExtResource("1_kl2qe")]
transform = Transform3D(1, 0, 0, 0, 1, 0, 0, 0, 1, 30.4113, 1, 48.4459)

[node name="Grass Patch500" parent="." instance=ExtResource("1_kl2qe")]
transform = Transform3D(0.451392, 0, 0.892326, 0, 1, 0, -0.892326, 0, 0.451392, -39.853, 1, 16.6425)

[node name="Grass Patch501" parent="." instance=ExtResource("1_kl2qe")]
transform = Transform3D(1, 0, 0, 0, 1, 0, 0, 0, 1, 30.4113, 1, 46.0181)

[node name="Grass Patch533" parent="." instance=ExtResource("1_kl2qe")]
transform = Transform3D(0.780605, 0, 0.625025, 0, 1, 0, -0.625025, 0, 0.780605, 8.57697, 1, -44.8143)

[node name="Grass Patch534" parent="." instance=ExtResource("1_kl2qe")]
transform = Transform3D(1, 0, 0, 0, 1, 0, 0, 0, 1, 33.6236, 1, 48.4459)

[node name="Grass Patch535" parent="." instance=ExtResource("1_kl2qe")]
transform = Transform3D(0.451392, 0, 0.892326, 0, 1, 0, -0.892326, 0, 0.451392, -38.403, 1, 13.776)

[node name="Grass Patch536" parent="." instance=ExtResource("1_kl2qe")]
transform = Transform3D(1, 0, 0, 0, 1, 0, 0, 0, 1, 33.6236, 1, 46.0181)

[node name="Grass Patch568" parent="." instance=ExtResource("1_kl2qe")]
transform = Transform3D(1, 0, 0, 0, 1, 0, 0, 0, 1, 33.6236, 1, -45.401)

[node name="Grass Patch569" parent="." instance=ExtResource("1_kl2qe")]
transform = Transform3D(1, 0, 0, 0, 1, 0, 0, 0, 1, 36.9916, 1, 48.4459)

[node name="Grass Patch570" parent="." instance=ExtResource("1_kl2qe")]
transform = Transform3D(0.451392, 0, 0.892326, 0, 1, 0, -0.892326, 0, 0.451392, -46.4977, 1, 0.162578)

[node name="Grass Patch571" parent="." instance=ExtResource("1_kl2qe")]
transform = Transform3D(1, 0, 0, 0, 1, 0, 0, 0, 1, 36.9916, 1, 46.0181)

[node name="Grass Patch603" parent="." instance=ExtResource("1_kl2qe")]
transform = Transform3D(0.451392, 0, 0.892326, 0, 1, 0, -0.892326, 0, 0.451392, -43.7307, 1, 1.56229)

[node name="Grass Patch604" parent="." instance=ExtResource("1_kl2qe")]
transform = Transform3D(1, 0, 0, 0, 1, 0, 0, 0, 1, 40.2039, 1, 48.4459)

[node name="Grass Patch605" parent="." instance=ExtResource("1_kl2qe")]
transform = Transform3D(0.451392, 0, 0.892326, 0, 1, 0, -0.892326, 0, 0.451392, -35.4327, 1, 7.90423)

[node name="Grass Patch606" parent="." instance=ExtResource("1_kl2qe")]
transform = Transform3D(1, 0, 0, 0, 1, 0, 0, 0, 1, 40.2039, 1, 46.0181)

[node name="Grass Patch638" parent="." instance=ExtResource("1_kl2qe")]
transform = Transform3D(0.451392, 0, 0.892326, 0, 1, 0, -0.892326, 0, 0.451392, -32.6657, 1, 9.30395)

[node name="Grass Patch639" parent="." instance=ExtResource("1_kl2qe")]
transform = Transform3D(1, 0, 0, 0, 1, 0, 0, 0, 1, 43.3177, 1, 48.4459)

[node name="Grass Patch640" parent="." instance=ExtResource("1_kl2qe")]
transform = Transform3D(0.451392, 0, 0.892326, 0, 1, 0, -0.892326, 0, 0.451392, -34.0271, 1, 5.12573)

[node name="Grass Patch641" parent="." instance=ExtResource("1_kl2qe")]
transform = Transform3D(1, 0, 0, 0, 1, 0, 0, 0, 1, 43.3177, 1, 46.0181)

[node name="Grass Patch673" parent="." instance=ExtResource("1_kl2qe")]
transform = Transform3D(0.451392, 0, 0.892326, 0, 1, 0, -0.892326, 0, 0.451392, -31.2601, 1, 6.52545)

[node name="Grass Patch674" parent="." instance=ExtResource("1_kl2qe")]
transform = Transform3D(1, 0, 0, 0, 1, 0, 0, 0, 1, 46.53, 1, 48.4459)

[node name="Grass Patch675" parent="." instance=ExtResource("1_kl2qe")]
transform = Transform3D(1, 0, 0, 0, 1, 0, 0, 0, 1, 46.53, 1, -48.5019)

[node name="Grass Patch676" parent="." instance=ExtResource("1_kl2qe")]
transform = Transform3D(1, 0, 0, 0, 1, 0, 0, 0, 1, 46.53, 1, 46.0181)

[node name="Grass Patch677" parent="." instance=ExtResource("1_kl2qe")]
transform = Transform3D(1, 0, 0, 0, 1, 0, 0, 0, 1, 46.53, 1, 43.325)

[node name="Grass Patch678" parent="." instance=ExtResource("1_kl2qe")]
transform = Transform3D(1, 0, 0, 0, 1, 0, 0, 0, 1, 46.53, 1, 40.4455)

[node name="Grass Patch679" parent="." instance=ExtResource("1_kl2qe")]
transform = Transform3D(1, 0, 0, 0, 1, 0, 0, 0, 1, 46.53, 1, 37.7524)

[node name="Grass Patch680" parent="." instance=ExtResource("1_kl2qe")]
transform = Transform3D(1, 0, 0, 0, 1, 0, 0, 0, 1, 46.53, 1, 34.5983)

[node name="Grass Patch681" parent="." instance=ExtResource("1_kl2qe")]
transform = Transform3D(1, 0, 0, 0, 1, 0, 0, 0, 1, 46.53, 1, 31.7187)

[node name="Grass Patch682" parent="." instance=ExtResource("1_kl2qe")]
transform = Transform3D(1, 0, 0, 0, 1, 0, 0, 0, 1, 46.53, 1, 29.0257)

[node name="Grass Patch683" parent="." instance=ExtResource("1_kl2qe")]
transform = Transform3D(1, 0, 0, 0, 1, 0, 0, 0, 1, 46.53, 1, 25.9145)

[node name="Grass Patch684" parent="." instance=ExtResource("1_kl2qe")]
transform = Transform3D(1, 0, 0, 0, 1, 0, 0, 0, 1, 46.53, 1, 23.035)

[node name="Grass Patch685" parent="." instance=ExtResource("1_kl2qe")]
transform = Transform3D(1, 0, 0, 0, 1, 0, 0, 0, 1, 46.53, 1, 20.3419)

[node name="Grass Patch686" parent="." instance=ExtResource("1_kl2qe")]
transform = Transform3D(1, 0, 0, 0, 1, 0, 0, 0, 1, 46.53, 1, 17.1878)

[node name="Grass Patch687" parent="." instance=ExtResource("1_kl2qe")]
transform = Transform3D(1, 0, 0, 0, 1, 0, 0, 0, 1, 46.53, 1, 14.3082)

[node name="Grass Patch688" parent="." instance=ExtResource("1_kl2qe")]
transform = Transform3D(1, 0, 0, 0, 1, 0, 0, 0, 1, 46.53, 1, 11.6152)

[node name="Grass Patch689" parent="." instance=ExtResource("1_kl2qe")]
transform = Transform3D(1, 0, 0, 0, 1, 0, 0, 0, 1, 46.53, 1, 8.84723)

[node name="Grass Patch690" parent="." instance=ExtResource("1_kl2qe")]
transform = Transform3D(1, 0, 0, 0, 1, 0, 0, 0, 1, 46.53, 1, 6.15417)

[node name="Grass Patch708" parent="." instance=ExtResource("1_kl2qe")]
transform = Transform3D(1, 0, 0, 0, 1, 0, 0, 0, 1, 46.53, 1, -45.401)

[node name="Grass Patch362" parent="." instance=ExtResource("1_kl2qe")]
transform = Transform3D(1, 0, 0, 0, 1, 0, 0, 0, 1, -20.102, 1, 10.4078)

[node name="Grass Patch363" parent="." instance=ExtResource("1_kl2qe")]
transform = Transform3D(1, 0, 0, 0, 1, 0, 0, 0, 1, 0.491037, 1, 34.1065)

[node name="Grass Patch397" parent="." instance=ExtResource("1_kl2qe")]
transform = Transform3D(1, 0, 0, 0, 1, 0, 0, 0, 1, -16.8897, 1, 10.4078)

[node name="Grass Patch398" parent="." instance=ExtResource("1_kl2qe")]
transform = Transform3D(1, 0, 0, 0, 1, 0, 0, 0, 1, -16.8897, 1, 7.97997)

[node name="Grass Patch364" parent="." instance=ExtResource("1_kl2qe")]
transform = Transform3D(1, 0, 0, 0, 1, 0, 0, 0, 1, -10.6161, 1, 48.4459)

[node name="Grass Patch365" parent="." instance=ExtResource("1_kl2qe")]
transform = Transform3D(1, 0, 0, 0, 1, 0, 0, 0, 1, -10.6161, 1, 46.0181)

[node name="Grass Patch399" parent="." instance=ExtResource("1_kl2qe")]
transform = Transform3D(1, 0, 0, 0, 1, 0, 0, 0, 1, -7.40373, 1, 48.4459)

[node name="Grass Patch400" parent="." instance=ExtResource("1_kl2qe")]
transform = Transform3D(1, 0, 0, 0, 1, 0, 0, 0, 1, -7.40373, 1, 46.0181)

[node name="Grass Patch366" parent="." instance=ExtResource("1_kl2qe")]
transform = Transform3D(1, 0, 0, 0, 1, 0, 0, 0, 1, 17.1157, 1, 39.6597)

[node name="Grass Patch367" parent="." instance=ExtResource("1_kl2qe")]
transform = Transform3D(1, 0, 0, 0, 1, 0, 0, 0, 1, 17.1157, 1, 37.2318)

[node name="Grass Patch401" parent="." instance=ExtResource("1_kl2qe")]
transform = Transform3D(0.636549, 0, -0.771236, 0, 1, 0, 0.771236, 0, 0.636549, 19.3918, 1, 12.4969)

[node name="Grass Patch402" parent="." instance=ExtResource("1_kl2qe")]
transform = Transform3D(0.636549, 0, -0.771236, 0, 1, 0, 0.771236, 0, 0.636549, 21.2642, 1, 10.9515)

[node name="Grass Patch368" parent="." instance=ExtResource("1_kl2qe")]
transform = Transform3D(0.834521, 0, -0.550976, 0, 1, 0, 0.550976, 0, 0.834521, 8.16772, 1, -13.725)

[node name="Grass Patch369" parent="." instance=ExtResource("1_kl2qe")]
transform = Transform3D(0.834521, 0, -0.550976, 0, 1, 0, 0.550976, 0, 0.834521, 9.50539, 1, -15.7511)

[node name="Grass Patch403" parent="." instance=ExtResource("1_kl2qe")]
transform = Transform3D(0.834521, 0, -0.550976, 0, 1, 0, 0.550976, 0, 0.834521, 10.8485, 1, -11.9551)
